2005,2014
          [,1]     [,2]     [,3]     [,4]
 [1,] 195.4249 147.5854 0.798716 3.476434
 [2,] 195.4249 147.5854 0.798716 3.476434
 [3,] 195.4249 138.8479 0.798716 3.403359
 [4,] 195.4249 144.6729 0.798716 3.476434
 [5,] 191.6874 122.8119 0.798716 3.549509
 [6,] 195.4249 138.8479 0.798716 3.476434
 [7,] 191.6874 147.5854 0.798716 3.476434
 [8,] 195.4249 147.5854 0.798716 3.476434
 [9,] 195.4249 135.9354 0.798716 3.403359
[10,] 195.4249 138.8479 0.798716 3.403359
[11,] 195.4249 138.8479 0.798716 3.330284
[12,] 195.4249 135.9354 0.798716 3.403359

2005,2013
          [,1]      [,2]      [,3]     [,4]
 [1,] 195.7502 149.99980 0.8405723 3.375831
 [2,] 195.7502 149.99980 0.8405723 3.375831
 [3,] 192.0127 149.99980 0.9071973 3.375831
 [4,] 195.7502 147.08730 0.7739473 3.375831
 [5,] 195.7502  83.41886 0.8405723 3.375831
 [6,] 192.0127 149.99980 0.9071973 3.521981
 [7,] 199.4877 149.99980 0.8405723 3.375831
 [8,] 195.7502 147.08730 0.8405723 3.375831
 [9,] 192.0127 122.81187 0.8405723 3.448906
[10,] 195.7502 149.99980 0.8405723 3.375831
[11,] 192.0127 149.99980 0.8405723 3.375831
[12,] 195.7502 149.99980 0.8405723 3.375831

2005,2012
          [,1]     [,2]      [,3]     [,4]
 [1,] 195.7086 144.0334 0.8182737 3.408793
 [2,] 195.7086 144.0334 0.8182737 3.408793
 [3,] 191.9711 146.9459 0.8182737 3.408793
 [4,] 195.7086 141.1209 0.8182737 3.372384
 [5,] 195.7086 135.2959 0.7516487 3.481868
 [6,] 195.7086 144.0334 0.8182737 3.372384
 [7,] 195.7086 144.0334 0.8848987 3.408793
 [8,] 195.7086 144.0334 0.8182737 3.481868
 [9,] 195.7086 141.1209 0.8182737 3.481868
[10,] 195.7086 144.0334 0.8182737 3.408793
[11,] 195.7086 138.2084 0.8182737 3.372384
[12,] 191.9711 144.0334 0.7516487 3.372384

2005,2011
          [,1]      [,2]      [,3]     [,4]
 [1,] 191.2520 144.23857 0.8573447 3.448733
 [2,] 191.2520 144.23857 0.8573447 3.448733
 [3,] 191.2520 144.23857 0.7907197 3.448733
 [4,] 187.5145  61.51881 0.8573447 3.448733
 [5,] 191.2520 144.23857 0.8573447 3.375658
 [6,] 191.2520 144.23857 0.8573447 3.448733
 [7,] 194.9895 144.23857 0.8573447 3.521808
 [8,] 191.2520 144.23857 0.8573447 3.448733
 [9,] 191.2520 144.23857 0.8573447 3.448733
[10,] 191.2520 144.23857 0.8573447 3.448733
[11,] 194.9895 144.23857 0.9239697 3.448733
[12,] 191.2520 144.23857 0.9239697 3.229508

2005,2010
          [,1]     [,2]     [,3]     [,4]
 [1,] 187.0636 147.1767 0.769708 3.252033
 [2,] 187.0636 147.1767 0.769708 3.252033
 [3,] 183.3261 138.4392 0.769708 3.252033
 [4,] 183.3261 113.1663 0.703083 3.252033
 [5,] 183.3261 138.4392 0.769708 3.252033
 [6,] 183.3261 147.1767 0.703083 3.252033
 [7,] 187.0636 147.1767 0.769708 3.252033
 [8,] 187.0636 144.2642 0.769708 3.252033
 [9,] 187.0636 138.4392 0.836333 3.252033
[10,] 187.0636 135.5267 0.769708 3.252033
[11,] 187.0636 144.2642 0.769708 3.539690
[12,] 183.3261 138.4392 0.769708 3.252033

2005,2009
          [,1]     [,2]      [,3]     [,4]
 [1,] 178.4247 81.22698 0.8740661 3.261936
 [2,] 178.4247 81.22698 0.8740661 3.261936
 [3,] 178.4247 72.48948 0.8740661 3.261936
 [4,] 178.4247 78.31448 0.8074411 3.261936
 [5,] 178.4247 84.13948 0.8740661 3.261936
 [6,] 178.4247 72.48948 0.8740661 3.408086
 [7,] 178.4247 81.22698 0.8074411 3.261936
 [8,] 174.6872 72.48948 0.8740661 3.261936
 [9,] 178.4247 81.22698 0.8740661 3.261936
[10,] 178.4247 81.22698 0.8740661 3.335011
[11,] 178.4247 75.40198 0.9406911 3.115786
[12,] 178.4247 81.22698 0.8074411 3.408086

2005,2008
          [,1]     [,2]      [,3]     [,4]
 [1,] 177.2613 140.9673 0.9078574 3.739874
 [2,] 177.2613 140.9673 0.9078574 3.739874
 [3,] 177.2613 138.0548 0.9078574 3.739874
 [4,] 173.5238 140.9673 0.9078574 3.739874
 [5,] 173.5238 140.9673 0.9078574 3.739874
 [6,] 173.5238 140.9673 0.9078574 3.739874
 [7,] 180.9988 140.9673 0.9078574 3.666799
 [8,] 177.2613 140.9673 0.9744824 3.739874
 [9,] 177.2613 140.9673 0.9078574 3.739874
[10,] 180.9988 143.8798 0.9078574 3.739874
[11,] 177.2613 140.9673 0.9078574 3.739874
[12,] 177.2613 140.9673 0.9744824 3.739874

2005,2007
          [,1]     [,2]     [,3]     [,4]
 [1,] 191.4803 58.86817 0.906257 4.623432
 [2,] 191.4803 58.86817 0.906257 4.258057
 [3,] 191.4803 58.86817 0.906257 4.184982
 [4,] 191.4803 58.86817 0.906257 4.258057
 [5,] 191.4803 58.86817 0.972882 4.258057
 [6,] 191.4803 58.86817 0.972882 4.184982
 [7,] 191.4803 58.86817 0.906257 4.623432
 [8,] 191.4803 58.86817 0.906257 4.331132
 [9,] 195.2178 61.78067 0.906257 4.623432
[10,] 187.7428 58.86817 0.906257 4.331132
[11,] 191.4803 58.86817 0.839632 4.623432
[12,] 191.4803 58.86817 0.839632 4.258057

2006,2014
          [,1]      [,2]      [,3]     [,4]
 [1,] 186.9377 149.77497 0.6985759 3.304319
 [2,] 186.9377 149.77497 0.6985759 3.304319
 [3,] 186.9377 149.77497 0.6985759 3.377394
 [4,] 186.9377 149.77497 0.6985759 3.450469
 [5,] 186.9377 149.77497 0.6985759 3.596619
 [6,] 186.9377 149.77497 0.6985759 3.231244
 [7,] 186.9377 149.77497 0.7652009 3.450469
 [8,] 186.9377 149.77497 0.6985759 3.450469
 [9,] 186.9377  74.98461 0.6319509 3.304319
[10,] 186.9377 149.77497 0.6985759 3.450469
[11,] 186.9377 149.77497 0.6985759 3.231244
[12,] 186.9377 149.77497 0.6985759 3.450469

2006,2013
          [,1]     [,2]      [,3]     [,4]
 [1,] 192.6667 141.4396 0.8776172 3.302867
 [2,] 192.6667 141.4396 0.8776172 3.375986
 [3,] 192.6667 141.4396 0.8776172 3.302867
 [4,] 192.6667 141.4396 0.8776172 3.375986
 [5,] 185.1917 141.4396 0.9442422 3.375986
 [6,] 188.9292 141.4396 0.8776172 3.229792
 [7,] 192.6667 138.5271 0.8776172 3.302911
 [8,] 188.9292 141.4396 0.8776172 3.229836
 [9,] 192.6667 141.4396 0.8776172 3.229792
[10,] 192.6667 144.3521 0.8776172 3.375986
[11,] 192.6667 135.6146 0.8776172 3.229792
[12,] 185.1917 141.4396 0.8776172 3.595167

2006,2012
          [,1]     [,2]     [,3]     [,4]
 [1,] 208.3801 84.09578 1.257486 3.343237
 [2,] 223.3301 95.74578 1.390736 3.343237
 [3,] 208.3801 95.74578 1.257486 3.343237
 [4,] 227.0676 87.00828 1.257486 3.416312
 [5,] 208.3801 95.74578 1.257486 3.343237
 [6,] 208.3801 84.09578 1.190861 3.343237
 [7,] 219.5926 95.74578 1.390736 3.343237
 [8,] 208.3801 95.74578 1.390736 3.343237
 [9,] 208.3801 81.18328 1.324111 3.270162
[10,] 223.3301 98.65828 1.390736 3.343237
[11,] 223.3301 95.74578 1.324111 3.343237
[12,] 208.3801 84.09578 1.257486 3.343237

2006,2011
          [,1]      [,2]      [,3]     [,4]
 [1,] 187.0514 145.41145 0.8289542 3.107649
 [2,] 187.0514 145.41145 0.8289542 3.107649
 [3,] 187.0514 145.41145 0.8289542 3.326874
 [4,] 187.0514 145.41145 0.8289542 3.107649
 [5,] 187.0514 145.41145 0.8289542 3.107649
 [6,] 187.0514 148.32395 0.8289542 3.107649
 [7,] 187.0514 145.41145 0.7623292 3.399949
 [8,] 187.0514 148.32395 0.7623292 3.107649
 [9,] 190.7889  79.25136 0.6957042 3.253799
[10,] 187.0514 145.41145 0.8289542 3.107649
[11,] 187.0514 145.41145 0.7623292 3.107649
[12,] 187.0514 145.41145 0.8289542 3.473024

2006,2010
          [,1]     [,2]      [,3]     [,4]
 [1,] 186.4752 144.8022 0.8707127 3.106041
 [2,] 186.4752 144.8022 0.8707127 3.106041
 [3,] 186.4752 144.8022 0.8707127 3.106041
 [4,] 186.4752 144.8022 0.8707127 3.106041
 [5,] 186.4752 144.8022 0.8707127 4.512304
 [6,] 186.4752 144.8022 0.8707127 3.325266
 [7,] 190.2127 144.8022 0.8707127 3.106041
 [8,] 186.4752 144.8022 0.8707127 3.632173
 [9,] 186.4752 141.8897 0.8707127 3.106041
[10,] 186.4752 141.8897 0.8707127 3.106041
[11,] 186.4752 144.8022 0.8707127 3.106041
[12,] 186.4752 144.8022 0.8707127 3.106041

2006,2009
          [,1]     [,2]     [,3]     [,4]
 [1,] 154.0909 57.14363 1.150630 3.390205
 [2,] 154.0909 57.14363 1.150630 3.390205
 [3,] 154.0909 54.23113 1.150630 3.390205
 [4,] 165.3034 57.14363 1.084005 3.317130
 [5,] 165.3034 57.14363 1.084005 3.682505
 [6,] 154.0909 57.14363 1.017380 3.682505
 [7,] 169.0409 57.14363 1.150630 3.682505
 [8,] 161.5659 57.14363 1.084005 3.682505
 [9,] 165.3034 57.14363 1.084005 3.682505
[10,] 161.5659 57.14363 1.017380 3.536355
[11,] 165.3034 57.14363 1.084005 3.755580
[12,] 165.3034 54.23113 1.084005 3.390205

2006,2008
          [,1]     [,2]     [,3]     [,4]
 [1,] 179.0480 90.96881 1.695673 3.510416
 [2,] 179.0480 90.96881 1.695673 3.289433
 [3,] 171.5730 90.96881 1.695673 3.362508
 [4,] 179.0480 90.96881 1.695673 3.216358
 [5,] 179.0480 90.96881 1.695673 3.435583
 [6,] 175.3105 90.96881 1.695673 3.510416
 [7,] 179.0480 90.96881 1.695673 3.289433
 [8,] 179.0480 90.96881 1.695673 3.289433
 [9,] 179.0480 90.96881 1.695673 3.289433
[10,] 167.8355 90.96881 1.695673 3.289433
[11,] 179.0480 90.96881 1.695673 3.437341
[12,] 179.0480 90.96881 1.629048 3.289433

2007,2014
          [,1]     [,2]      [,3]     [,4]
 [1,] 188.2774 137.9387 0.6751581 3.337056
 [2,] 188.2774 137.9387 0.6751581 3.337056
 [3,] 184.5399 137.9387 0.6751581 3.337056
 [4,] 188.2774 137.9387 0.8084081 3.190906
 [5,] 188.2774 137.9387 0.6751581 3.337056
 [6,] 188.2774 137.9387 0.8084081 3.337056
 [7,] 188.2774 137.9387 0.6085331 3.337056
 [8,] 188.2774 128.9634 0.8084081 3.263981
 [9,] 188.2774 137.9387 0.6751581 3.337056
[10,] 188.2774 126.0509 0.8084081 3.337056
[11,] 188.2774 140.8512 0.7417831 3.337056
[12,] 188.2774 140.8512 0.6751581 3.337056

2007,2013
          [,1]     [,2]      [,3]     [,4]
 [1,] 201.1357 82.73705 0.8050831 3.272391
 [2,] 201.1357 82.73705 0.8050831 3.272391
 [3,] 204.8732 82.73705 0.8050831 3.272391
 [4,] 201.1357 82.73705 0.8050831 3.272391
 [5,] 197.3982 88.56205 0.6718331 3.272391
 [6,] 201.1357 82.73705 0.8717081 3.199316
 [7,] 201.1357 82.73705 0.8050831 3.345466
 [8,] 197.3982 79.82455 0.7384581 3.272391
 [9,] 201.1357 82.73705 0.8050831 3.272391
[10,] 197.3982 82.73705 0.8717081 3.272391
[11,] 189.9232 82.73705 0.8050831 3.272391
[12,] 201.1357 82.73705 0.8050831 3.272391

2007,2012
          [,1]     [,2]      [,3]     [,4]
 [1,] 188.5138 144.6604 0.8294335 3.419346
 [2,] 195.9888 144.6604 0.8294335 3.346271
 [3,] 181.0388 144.6604 0.8294335 3.565496
 [4,] 192.2513 144.6604 0.8294335 3.638571
 [5,] 188.5138 147.5729 0.8294335 3.346271
 [6,] 192.2513 141.7479 0.8294335 3.492421
 [7,] 181.0388 147.5729 0.8294335 3.565496
 [8,] 181.0388 133.0104 0.8294335 3.638571
 [9,] 181.0388 144.6604 0.8294335 3.565496
[10,] 181.0388 144.6604 0.8294335 3.419346
[11,] 195.9888 144.6604 0.8960585 3.346271
[12,] 195.9888 144.6604 0.8294335 3.565496

2007,2011
          [,1]     [,2]      [,3]     [,4]
 [1,] 188.7031 83.75356 0.7688531 3.301034
 [2,] 188.7031 83.75356 0.7688531 3.301034
 [3,] 188.7031 83.75356 0.7688531 3.520259
 [4,] 188.7031 83.75356 0.7688531 3.301034
 [5,] 184.9656 83.75356 0.7688531 3.301034
 [6,] 184.9656 83.75356 0.7688531 3.301034
 [7,] 188.7031 83.75356 0.7688531 3.301034
 [8,] 181.2281 83.75356 0.7688531 3.301034
 [9,] 188.7031 80.84106 0.7688531 3.374109
[10,] 184.9656 83.75356 0.7688531 3.154884
[11,] 188.7031 83.75356 0.7688531 3.301034
[12,] 188.7031 83.75356 0.7688531 3.154884

2007,2010
          [,1]     [,2]      [,3]     [,4]
 [1,] 187.5282 82.64729 0.7816881 3.280205
 [2,] 187.5282 82.64729 0.7816881 3.280205
 [3,] 187.5282 85.55979 0.7816881 3.280205
 [4,] 187.5282 82.64729 0.7816881 3.280205
 [5,] 187.5282 82.64729 0.7816881 3.280205
 [6,] 187.5282 85.55979 0.7816881 3.280205
 [7,] 183.7907 82.64729 0.7816881 3.280205
 [8,] 187.5282 82.64729 0.7150631 3.280205
 [9,] 187.5282 82.64729 0.7816881 3.280205
[10,] 187.5282 82.64729 0.7816881 3.280205
[11,] 187.5282 82.64729 0.7816881 3.280205
[12,] 187.5282 65.17229 0.7816881 3.353280

2007,2009
          [,1]      [,2]      [,3]     [,4]
 [1,] 205.4081  50.06585 0.7812288 3.474150
 [2,] 205.4081  50.06585 0.9144788 3.254925
 [3,] 201.6706 112.38833 0.9144788 3.474150
 [4,] 205.4081  50.06585 0.9811038 3.254925
 [5,] 209.1456  50.06585 0.9144788 3.254925
 [6,] 205.4081  50.06585 0.9811038 3.254925
 [7,] 209.1456 135.40760 0.7812288 3.474150
 [8,] 205.4081  50.06585 0.9811038 3.254925
 [9,] 205.4081  85.34269 0.9144788 3.254925
[10,] 205.4081  50.06585 0.7812288 3.474150
[11,] 205.4081  52.97835 0.7812288 3.474150
[12,] 205.4081  50.06585 0.9144788 3.254925

2008,2014
          [,1]     [,2]     [,3]     [,4]
 [1,] 189.9656 134.5777 0.669921 4.933817
 [2,] 189.9656 134.5777 0.669921 4.933817
 [3,] 193.7031 134.5777 0.669921 4.933817
 [4,] 189.9656 134.5777 0.669921 4.376653
 [5,] 189.9656 134.5777 0.669921 4.933817
 [6,] 189.9656 143.3152 0.669921 4.933817
 [7,] 189.9656 131.6652 0.736546 4.933817
 [8,] 189.9656 134.5777 0.669921 4.933817
 [9,] 189.9656 140.4027 0.669921 4.933817
[10,] 193.7031 134.5777 0.669921 4.152909
[11,] 189.9656 134.5777 0.669921 4.933817
[12,] 186.2281 134.5777 0.603296 4.385791

2008,2013
          [,1]     [,2]      [,3]     [,4]
 [1,] 187.7221 126.1247 0.7230516 4.654715
 [2,] 187.7221 126.1247 0.7230516 4.654715
 [3,] 195.1971 126.1247 0.7230516 4.654715
 [4,] 191.4596 126.1247 0.7230516 4.435490
 [5,] 187.7221 126.1247 0.7230516 4.654715
 [6,] 191.4596 129.0372 0.6564266 4.435490
 [7,] 183.9846 126.1247 0.7230516 4.727790
 [8,] 191.4596 126.1247 0.7896766 4.654715
 [9,] 187.7221 126.1247 0.7230516 4.727790
[10,] 187.7221 126.1247 0.7230516 4.654715
[11,] 187.7221 126.1247 0.7230516 4.654715
[12,] 187.7221 126.1247 0.7230516 4.654715

2008,2012
          [,1]     [,2]     [,3]     [,4]
 [1,] 197.8318 79.84055 1.480930 4.437014
 [2,] 197.8318 79.84055 1.480930 4.437014
 [3,] 197.8318 79.84055 1.480930 4.437014
 [4,] 197.8318 79.84055 1.547555 4.437014
 [5,] 194.0943 76.92805 1.480930 4.437014
 [6,] 201.5693 79.84055 1.480930 4.290864
 [7,] 197.8318 79.84055 1.480930 4.437014
 [8,] 201.5693 82.75305 1.480930 4.290864
 [9,] 194.0943 79.84055 1.480930 4.217789
[10,] 197.8318 79.84055 1.480930 4.290864
[11,] 197.8318 79.84055 1.480930 4.437014
[12,] 197.8318 79.84055 1.480930 4.437014

2008,2011
          [,1]      [,2]      [,3]     [,4]
 [1,] 182.9757 103.68178 0.7290774 4.647913
 [2,] 190.4507 103.68178 0.7290774 4.647913
 [3,] 190.4507 106.59428 0.7290774 4.647913
 [4,] 186.7132 100.76928 0.7957024 3.665197
 [5,] 190.4507  97.85678 0.7290774 4.647913
 [6,] 182.9757 103.68178 0.7290774 4.647913
 [7,] 186.7132 100.76928 0.7290774 4.647913
 [8,] 186.7132 103.68178 0.7957024 4.647913
 [9,] 190.4507 103.68178 0.8623274 4.940213
[10,] 190.4507 103.68178 0.7290774 4.867138
[11,] 182.9757 103.68178 0.7290774 3.592122
[12,] 190.4507 103.68178 0.7290774 4.647913

2008,2010
          [,1]     [,2]     [,3]     [,4]
 [1,] 172.8402 52.11309 1.317510 4.699498
 [2,] 172.8402 52.11309 1.184260 4.549711
 [3,] 172.8402 52.11309 1.317510 4.699498
 [4,] 172.8402 52.11309 1.317510 4.699498
 [5,] 169.1027 52.11309 1.184260 4.549711
 [6,] 172.8402 52.11309 1.250885 4.407198
 [7,] 172.8402 52.11309 1.184260 4.699498
 [8,] 172.8402 52.11309 1.384135 4.699498
 [9,] 172.8402 52.11309 1.184260 4.622786
[10,] 172.8402 55.02559 1.184260 4.407198
[11,] 172.8402 55.02559 1.184260 4.480273
[12,] 172.8402 52.11309 1.250885 4.549711

2009,2014
          [,1]     [,2]      [,3]     [,4]
 [1,] 183.6628 114.8440 0.7301534 4.739749
 [2,] 183.6628 139.7694 0.7301534 4.739749
 [3,] 183.6628 114.8440 0.7301534 4.739749
 [4,] 187.4003 111.9315 0.6635284 4.812824
 [5,] 183.6628 145.5944 0.7301534 4.739749
 [6,] 183.6628 114.8440 0.7301534 4.739749
 [7,] 183.6628 145.5944 0.7301534 4.739749
 [8,] 183.6628 139.7694 0.7301534 4.739749
 [9,] 183.6628 139.7694 0.7301534 4.666674
[10,] 183.6628 114.8440 0.7301534 4.739749
[11,] 183.6628 114.8440 0.7301534 4.739749
[12,] 183.6628 114.8440 0.7301534 4.739749

2009,2013
          [,1]     [,2]      [,3]     [,4]
 [1,] 208.2404 109.7334 0.6210253 4.330915
 [2,] 208.2404 109.7334 0.6210253 4.330915
 [3,] 208.2404 109.7334 0.8374947 4.330915
 [4,] 208.2404 103.9084 0.6210253 4.330915
 [5,] 204.5029 109.7334 0.6210253 4.330915
 [6,] 204.5029 109.7334 0.6210253 3.892465
 [7,] 208.2404 109.7334 0.6876503 4.403990
 [8,] 208.2404 109.7334 0.6210253 4.403990
 [9,] 208.2404 138.8584 0.6210253 3.892465
[10,] 208.2404 109.7334 0.6210253 4.330915
[11,] 208.2404 103.9084 0.6210253 4.330915
[12,] 208.2404 138.8584 0.6210253 4.257840

2009,2012
          [,1]     [,2]      [,3]     [,4]
 [1,] 184.8620 115.6709 0.7216098 3.846931
 [2,] 184.8620 115.6709 0.7216098 3.846931
 [3,] 184.8620 115.6709 0.7216098 3.846931
 [4,] 184.8620 115.6709 0.7216098 3.700781
 [5,] 188.5995 118.5834 0.7882348 3.846931
 [6,] 184.8620 109.8459 0.7216098 3.846931
 [7,] 181.1245 115.6709 0.7882348 3.846931
 [8,] 184.8620 115.6709 0.7216098 3.773856
 [9,] 184.8620 118.5834 0.7216098 3.846931
[10,] 184.8620 109.8459 0.7216098 3.773856
[11,] 184.8620 115.6709 0.7216098 3.920006
[12,] 184.8620 115.6709 0.7216098 3.846931

2009,2011
          [,1]     [,2]      [,3]     [,4]
 [1,] 174.7755 84.50048 0.5091475 3.805454
 [2,] 174.7755 84.50048 0.6423975 3.805454
 [3,] 174.7755 84.50048 0.6423975 4.639304
 [4,] 174.7755 84.50048 0.6423975 4.785454
 [5,] 178.5130 84.50048 0.6423975 3.805454
 [6,] 174.7755 87.41298 0.6423975 4.858529
 [7,] 174.7755 84.50048 0.6423975 3.732379
 [8,] 174.7755 84.50048 0.6423975 4.639304
 [9,] 174.7755 84.50048 0.6423975 4.858529
[10,] 174.7755 84.50048 0.5091475 4.858529
[11,] 171.0380 84.50048 0.6423975 4.858529
[12,] 171.0380 84.50048 0.6423975 4.785454

2010,2014
          [,1]     [,2]     [,3]     [,4]
 [1,] 242.1674 97.64156 2.489616 3.415328
 [2,] 242.1674 97.64156 2.489616 3.415328
 [3,] 242.1674 97.64156 2.489616 3.415328
 [4,] 245.9049 97.64156 2.422991 3.415328
 [5,] 245.9049 83.07906 2.489616 3.269178
 [6,] 245.9049 97.64156 2.622866 3.561478
 [7,] 242.1674 97.64156 2.489616 3.415328
 [8,] 242.1674 97.64156 2.489616 3.488403
 [9,] 245.9049 85.99156 2.489616 3.269178
[10,] 242.1674 83.07906 2.489616 3.269178
[11,] 245.9049 91.81656 2.489616 3.415328
[12,] 242.1674 94.72906 2.489616 3.415328

2010,2013
          [,1]     [,2]      [,3]     [,4]
 [1,] 198.4828 117.3491 0.6470755 3.910717
 [2,] 198.4828 113.8450 0.5763228 3.910717
 [3,] 194.7453 113.8450 0.6470755 3.910717
 [4,] 198.4828 102.7866 0.6470755 4.129942
 [5,] 194.7453 113.8450 0.5763228 3.910717
 [6,] 198.4828 117.3491 0.5763228 3.910717
 [7,] 198.4828 113.8450 0.5763228 3.764567
 [8,] 198.4828 113.8450 0.6470755 3.837642
 [9,] 202.2203 105.6991 0.6470755 3.910717
[10,] 198.4828 105.6991 0.6470755 3.910717
[11,] 198.4828 113.8450 0.6470755 3.983792
[12,] 198.4828 113.8450 0.5096978 3.910717

2010,2012
          [,1]     [,2]      [,3]     [,4]
 [1,] 201.8671 81.11518 0.6227891 3.415244
 [2,] 201.8671 57.81518 0.6227891 3.415244
 [3,] 201.8671 63.64018 0.6227891 3.415244
 [4,] 201.8671 81.11518 0.6227891 3.415244
 [5,] 201.8671 60.72768 0.6227891 3.415244
 [6,] 201.8671 81.11518 0.6227891 3.488319
 [7,] 201.8671 63.64018 0.6227891 3.415244
 [8,] 201.8671 81.11518 0.6227891 3.342169
 [9,] 198.1296 57.81518 0.6227891 3.415244
[10,] 194.3921 60.72768 0.6227891 3.415244
[11,] 198.1296 63.64018 0.6227891 3.415244
[12,] 201.8671 81.11518 0.6227891 3.415244

2011,2014
          [,1]     [,2]     [,3]     [,4]
 [1,] 243.1574 121.3947 2.601053 4.542748
 [2,] 243.1574 121.3947 2.601053 4.252816
 [3,] 243.1574 121.3947 2.601053 4.469673
 [4,] 243.1574 118.4822 2.601053 4.325891
 [5,] 243.1574 121.3947 2.601053 4.398966
 [6,] 246.8949 124.3072 2.601053 4.761973
 [7,] 239.4199 121.3947 2.601053 4.542748
 [8,] 243.1574 121.3947 2.601053 4.761973
 [9,] 243.1574 121.3947 2.667678 4.688898
[10,] 246.8949 121.3947 2.601053 4.542748
[11,] 243.1574 109.7447 2.601053 4.252816
[12,] 243.1574 118.4822 2.601053 4.545116

2011,2013
          [,1]      [,2]     [,3]     [,4]
 [1,] 156.3750 108.57702 1.447854 4.816890
 [2,] 156.3750 108.57702 1.447854 4.816890
 [3,] 156.3750 108.57702 1.447854 4.889965
 [4,] 156.3750 108.57702 1.447854 4.743815
 [5,] 156.3750 111.48952 1.447854 4.670740
 [6,] 156.3750 108.57702 1.447854 4.816890
 [7,] 156.3750  99.83952 1.381229 4.889965
 [8,] 156.3750 117.31452 1.447854 4.889965
 [9,] 156.3750 108.57702 1.381229 4.889965
[10,] 156.3750 108.57702 1.447854 4.816890
[11,] 152.6375 117.31452 1.447854 4.816890
[12,] 156.3750 108.57702 1.447854 4.816890

2012,2014
          [,1]     [,2]     [,3]     [,4]
 [1,] 182.3687 125.1163 2.350463 4.852938
 [2,] 182.3687 125.1163 2.350463 4.852938
 [3,] 182.3687 122.2038 2.350463 3.881898
 [4,] 186.1062 130.9413 2.350463 4.852938
 [5,] 182.3687 125.1163 2.417088 4.852938
 [6,] 182.3687 130.9413 2.350463 4.852938
 [7,] 182.3687 128.0288 2.350463 4.852938
 [8,] 182.3687 116.3788 2.350463 4.852938
 [9,] 182.3687 119.2913 2.350463 4.926013
[10,] 182.3687 119.2913 2.350463 4.852938
[11,] 182.3687 125.1163 2.350463 4.852938
[12,] 182.3687 119.2913 2.283838 4.852938